h, км		h_Г, км		T_M, К		p, Па		rho, кг/м^3		T, К		a, м/с		mu, Па*с		nu, м^2/c
0.000		0.000		288.150		101325.000		1.225		288.150		340.294		1.789e-05		1.461e-05
1.500		1.500		278.402		84559.648		1.058		278.402		334.489		1.742e-05		1.646e-05
3.000		2.999		268.659		70121.114		0.909		268.659		328.584		1.694e-05		1.863e-05
4.500		4.497		258.921		57752.515		0.777		258.921		322.573		1.645e-05		2.117e-05
6.000		5.994		249.187		47217.574		0.660		249.187		316.452		1.595e-05		2.416e-05
7.500		7.491		239.457		38299.624		0.557		239.457		310.212		1.544e-05		2.771e-05
9.000		8.987		229.733		30800.626		0.467		229.733		303.848		1.493e-05		3.196e-05
10.500		10.483		220.013		24540.210		0.389		220.013		297.351		1.440e-05		3.706e-05
12.000		11.977		216.650		19399.392		0.312		216.650		295.069		1.422e-05		4.557e-05
13.500		13.471		216.650		15327.598		0.246		216.650		295.069		1.422e-05		5.768e-05
15.000		14.965		216.650		12111.788		0.195		216.650		295.069		1.422e-05		7.300e-05
16.500		16.457		216.650		9571.733		0.154		216.650		295.069		1.422e-05		9.237e-05
18.000		17.949		216.650		7565.210		0.122		216.650		295.069		1.422e-05		1.169e-04
19.500		19.440		216.650		5979.976		0.096		216.650		295.069		1.422e-05		1.478e-04
21.000		20.931		217.581		4728.925		0.076		217.581		295.703		1.427e-05		1.884e-04
22.500		22.421		219.071		3745.585		0.060		219.071		296.713		1.435e-05		2.409e-04
24.000		23.910		220.560		2971.735		0.047		220.560		297.720		1.443e-05		3.074e-04
25.500		25.398		222.048		2361.694		0.037		222.048		298.723		1.451e-05		3.916e-04
27.000		26.886		223.536		1879.966		0.029		223.536		299.722		1.459e-05		4.981e-04
28.500		28.373		225.023		1498.925		0.023		225.023		300.717		1.467e-05		6.323e-04
30.000		29.859		226.509		1197.026		0.018		226.509		301.709		1.475e-05		8.013e-04
31.500		31.345		227.995		957.439		0.015		227.995		302.696		1.483e-05		1.014e-03
33.000		32.830		230.973		767.305		0.012		230.973		304.667		1.499e-05		1.295e-03
34.500		34.314		235.129		617.272		0.009		235.129		307.396		1.521e-05		1.663e-03
36.000		35.797		239.282		498.520		0.007		239.282		310.099		1.543e-05		2.126e-03
37.500		37.280		243.434		404.137		0.006		243.434		312.778		1.565e-05		2.706e-03
39.000		38.762		247.584		328.820		0.005		247.584		315.432		1.587e-05		3.429e-03
40.500		40.244		251.732		268.484		0.004		251.732		318.064		1.608e-05		4.328e-03
42.000		41.724		255.878		219.966		0.003		255.878		320.672		1.629e-05		5.440e-03
43.500		43.204		260.022		180.811		0.002		260.022		323.259		1.650e-05		6.813e-03
45.000		44.684		264.164		149.101		0.002		264.164		325.823		1.671e-05		8.500e-03
46.500		46.162		268.304		123.332		0.002		268.304		328.367		1.692e-05		1.057e-02
48.000		47.640		270.650		102.295		0.001		270.650		329.799		1.704e-05		1.294e-02
49.500		49.118		270.650		84.893		0.001		270.650		329.799		1.704e-05		1.559e-02
51.000		50.594		270.650		70.458		0.001		270.650		329.799		1.704e-05		1.879e-02
52.500		52.070		267.654		58.438		0.001		267.654		327.968		1.689e-05		2.220e-02
54.000		53.545		263.524		48.337		0.001		263.524		325.428		1.668e-05		2.610e-02
55.500		55.020		259.395		39.867		0.001		259.395		322.869		1.647e-05		3.076e-02
57.000		56.493		255.268		32.782		0.000		255.268		320.290		1.626e-05		3.635e-02
58.500		57.967		251.144		26.873		0.000		251.144		317.692		1.605e-05		4.306e-02
60.000		59.439		247.021		21.959		0.000		247.021		315.073		1.584e-05		5.114e-02
61.500		60.911		242.900		17.884		0.000		242.900		312.434		1.562e-05		6.091e-02
63.000		62.382		238.781		14.516		0.000		238.781		309.774		1.541e-05		7.275e-02
64.500		63.852		234.664		11.740		0.000		234.664		307.092		1.519e-05		8.715e-02
66.000		65.322		230.549		9.461		0.000		230.549		304.387		1.497e-05		1.047e-01
67.500		66.791		226.436		7.595		0.000		226.436		301.660		1.475e-05		1.262e-01
69.000		68.259		222.325		6.074		0.000		222.325		298.909		1.453e-05		1.526e-01
70.500		69.727		218.215		4.837		0.000		218.215		296.133		1.430e-05		1.852e-01
72.000		71.194		214.263		3.836		0.000		214.263		293.439		1.408e-05		2.258e-01
73.500		72.660		211.330		3.032		0.000		211.330		291.424		1.392e-05		2.786e-01
75.000		74.125		208.399		2.388		0.000		208.399		289.396		1.376e-05		3.447e-01
76.500		75.590		205.469		1.875		0.000		205.469		287.355		1.359e-05		4.276e-01
78.000		77.055		202.541		1.467		0.000		202.541		285.300		1.343e-05		5.321e-01
79.500		78.518		199.614		1.144		0.000		199.614		283.231		1.326e-05		6.642e-01
81.000		79.981		196.688		0.889		0.000		196.688		281.147		1.310e-05		8.316e-01
82.500		81.443		193.764		0.688		0.000		193.764		279.050		1.293e-05		1.044e+00
84.000		82.904		190.841		0.531		0.000		190.841		276.937		1.276e-05		1.316e+00
85.500		84.365		187.919		0.408		0.000		187.919		274.809		1.259e-05		1.665e+00
87.000		85.825		186.650		0.312		0.000		186.650		273.879		1.252e-05		2.146e+00
88.500		87.285		186.650		0.239		0.000		186.650		273.879		1.252e-05		2.803e+00
90.000		88.744		186.650		0.183		0.000		186.650		273.879		1.252e-05		3.661e+00
91.500		90.202		186.650		0.140		0.000		186.650		273.879		1.252e-05		4.781e+00
93.000		91.659		186.650		0.107		0.000		186.650		273.879		1.252e-05		6.243e+00
94.500		93.116		186.650		0.082		0.000		186.647		273.879		1.252e-05		8.150e+00
96.000		94.572		188.365		0.063		0.000		188.239		275.135		1.261e-05		1.081e+01
97.500		96.027		192.731		0.049		0.000		191.970		278.305		1.283e-05		1.461e+01
99.000		97.482		197.095		0.038		0.000		194.774		281.438		1.299e-05		1.952e+01
100.500		98.936		201.457		0.029		0.000		197.509		284.536		1.314e-05		2.591e+01
102.000		100.389		205.817		0.023		0.000		200.172		287.598		1.330e-05		3.417e+01
103.500		101.842		210.175		0.018		0.000		202.766		290.627		1.344e-05		4.478e+01
105.000		103.294		221.282		0.014		0.000		211.750		298.207		1.395e-05		6.166e+01
106.500		104.745		237.247		0.012		0.000		225.171		308.778		1.468e-05		8.640e+01
108.000		106.196		253.205		0.009		0.000		238.334		318.993		1.538e-05		1.183e+02
109.500		107.646		269.155		0.008		0.000		251.242		328.887		1.606e-05		1.586e+02
111.000		109.095		285.098		0.007		0.000		263.892		338.487		1.670e-05		2.090e+02
112.500		110.544		301.034		0.006		0.000		276.287		347.818		1.732e-05		2.709e+02
114.000		111.992		316.962		0.005		0.000		288.425		356.902		1.791e-05		3.462e+02
115.500		113.439		332.883		0.004		0.000		300.307		365.755		1.847e-05		4.368e+02
117.000		114.885		348.796		0.003		0.000		311.934		374.396		1.902e-05		5.447e+02
118.500		116.331		364.702		0.003		0.000		323.305		382.837		1.954e-05		6.721e+02
120.000		117.777		380.600		0.003		0.000		334.420		391.093		2.005e-05		8.214e+02
